A,B,C
  0.25596619E-01 , 0.36641453E-04 , 0.26367188E+00
  0.25596619E+02 , 0.36641453E-01 , 0.30273438E+00
  0.51193237E+02 , 0.73282906E-01 , 0.32226562E+00
  0.76789856E+02 , 0.10992436E+00 , 0.34179688E+00
  0.10238647E+03 , 0.14656581E+00 , 0.38085938E+00
  0.12798309E+03 , 0.18320727E+00 , 0.40039062E+00
  0.15357971E+03 , 0.21984872E+00 , 0.41992188E+00
  0.17917633E+03 , 0.25649017E+00 , 0.43945312E+00
  0.20477295E+03 , 0.29313162E+00 ,0.45898438E+00
  0.23036957E+03 , 0.32977308E+00 , 0.47851563E+00
  0.25596619E+03 , 0.36641453E+00 , 0.49804688E+00
  0.28156281E+03 , 0.40305598E+00 , 0.51757812E+00
  0.30715942E+03 , 0.43969744E+00 , 0.53710938E+00
  0.33275604E+03 , 0.47633889E+00 , 0.55664062E+00
  0.35835266E+03 , 0.51298034E+00 , 0.57617188E+00
  0.38394928E+03 , 0.54962180E+00 , 0.57617188E+00
  0.40954590E+03 , 0.58626325E+00 , 0.59570312E+00
  0.43514252E+03 , 0.62290470E+00 , 0.61523438E+00
  0.46073914E+03 , 0.65954615E+00 , 0.61523438E+00
  0.48633575E+03 , 0.69618761E+00 , 0.63476562E+00
  0.51193237E+03 , 0.73282906E+00 , 0.65429688E+00
  0.53752899E+03 , 0.76947051E+00 , 0.65429688E+00
  0.56312561E+03 , 0.80611197E+00 , 0.67382812E+00
  0.58872223E+03 , 0.84275342E+00 , 0.69335938E+00
  0.61431885E+03 , 0.87939487E+00 , 0.69335938E+00
  0.63991547E+03 , 0.91603633E+00 , 0.71289062E+00
  0.66551208E+03 , 0.95267778E+00 , 0.71289062E+00
  0.69110870E+03 , 0.98931923E+00 , 0.73242188E+00
  0.71670532E+03 , 0.10259607E+01 , 0.73242188E+00
  0.74230194E+03 , 0.10626021E+01 , 0.75195312E+00
  0.76789856E+03 , 0.10992436E+01 , 0.75195312E+00
  0.79349518E+03 , 0.11358850E+01 , 0.77148438E+00
  0.81909180E+03 , 0.11725265E+01 , 0.77148438E+00
  0.84468842E+03 , 0.12091679E+01 , 0.79101562E+00
  0.87028503E+03 , 0.12458094E+01 , 0.79101562E+00
  0.89588165E+03 , 0.12824509E+01 , 0.79101562E+00
  0.92147827E+03 , 0.13190923E+01 , 0.81054688E+00
  0.94707489E+03 , 0.13557338E+01 , 0.81054688E+00
  0.97267151E+03 , 0.13923752E+01 , 0.81054688E+00
  0.99826813E+03 , 0.14290167E+01 , 0.83007812E+00
  0.10238647E+04 , 0.14656581E+01 , 0.83007812E+00
  0.10494614E+04 , 0.15022996E+01 , 0.83007812E+00
  0.10750580E+04 , 0.15389410E+01 , 0.84960938E+00
  0.11006546E+04 , 0.15755825E+01 , 0.84960938E+00
  0.11262512E+04 , 0.16122239E+01 ,  0.84960938E+00
  0.11518478E+04 , 0.16488654E+01 , 0.86914062E+00
  0.11774445E+04 , 0.16855068E+01 , 0.86914062E+00
  0.12030411E+04 , 0.17221483E+01 , 0.86914062E+00
  0.12286377E+04 , 0.17587897E+01 , 0.86914062E+00
  0.12542343E+04 , 0.17954312E+01 , 0.88867188E+00
  0.12798309E+04 , 0.18320727E+01 , 0.88867188E+00
  0.13054276E+04 , 0.18687141E+01 , 0.88867188E+00
  0.13310242E+04 , 0.19053556E+01 , 0.88867188E+00
  0.13566208E+04 , 0.19419970E+01 , 0.90820312E+00
  0.13822174E+04 , 0.19786385E+01 , 0.90820312E+00
  0.14078140E+04,  0.20152799E+01 , 0.90820312E+00
  0.14334106E+04 , 0.20519214E+01 , 0.90820312E+00
  0.14590073E+04 , 0.20885628E+01 , 0.90820312E+00
  0.14846039E+04 , 0.21252043E+01 , 0.92773438E+00
  0.15102005E+04 , 0.21618457E+01 , 0.92773438E+00
  0.15357971E+04 ,  0.21984872E+01 , 0.92773438E+00
  0.15613937E+04 , 0.22351286E+01 , 0.92773438E+00
  0.15869904E+04 , 0.22717701E+01 , 0.92773438E+00
  0.16125870E+04 , 0.23084115E+01 , 0.94726562E+00
  0.16381836E+04 , 0.23450530E+01 , 0.94726562E+00
  0.16637802E+04 , 0.23816944E+01 , 0.94726562E+00
  0.16893768E+04 , 0.24183359E+01 , 0.94726562E+00
  0.17149734E+04 , 0.24549774E+01 , 0.94726562E+00
  0.17405701E+04 , 0.24916188E+01 , 0.94726562E+00
  0.17661667E+04 , 0.25282603E+01 , 0.96679688E+00
  0.17917633E+04 , 0.25649017E+01 ,  0.96679688E+00
  0.18173599E+04 , 0.26015432E+01 ,  0.96679688E+00
  0.18429565E+04 , 0.26381846E+01 , 0.96679688E+00
  0.18685532E+04 , 0.26748261E+01 , 0.96679688E+00
  0.18941498E+04 , 0.27114675E+01 , 0.96679688E+00
  0.19197464E+04 , 0.27481090E+01 , 0.96679688E+00
  0.19453430E+04 , 0.27847504E+01 , 0.98632813E+00
  0.19709396E+04 , 0.28213919E+01 , 0.98632813E+00
  0.19965363E+04 , 0.28580333E+01 , 0.98632813E+00
  0.20221329E+04 ,  0.28946748E+01 , 0.98632813E+00
  0.20477295E+04 , 0.29313162E+01 , 0.98632813E+00
  0.20733261E+04 , 0.29679577E+01 ,  0.98632813E+00
  0.20989227E+04 , 0.30045991E+01 , 0.10058594E+01
  0.21245193E+04 , 0.30412406E+01 , 0.10058594E+01
  0.21501160E+04 , 0.30778821E+01 , 0.10058594E+01
  0.21757126E+04 , 0.31145235E+01 , 0.10058594E+01
  0.22013092E+04 , 0.31511650E+01 , 0.10058594E+01
  0.22269058E+04 , 0.31878064E+01 , 0.10058594E+01
  0.22525024E+04 , 0.32244479E+01 , 0.10058594E+01
  0.22780991E+04 , 0.32610893E+01 , 0.10058594E+01
  0.23036957E+04 , 0.32977308E+01 , 0.10253906E+01
  0.23292923E+04 , 0.33343722E+01 , 0.10253906E+01
  0.23548889E+04 , 0.33710137E+01 , 0.10253906E+01
  0.23804855E+04 , 0.34076551E+01 , 0.10253906E+01
  0.24060822E+04 , 0.34442966E+01 , 0.10253906E+01
  0.24316788E+04 , 0.34809380E+01 , 0.10253906E+01
  0.24572754E+04 , 0.35175795E+01 , 0.10253906E+01
  0.24828720E+04 , 0.35542209E+01 ,  0.10253906E+01
  0.25084686E+04 , 0.35908624E+01 , 0.10449219E+01
  0.25340652E+04 , 0.36275038E+01 , 0.10449219E+01
  0.25596619E+04 , 0.36641453E+01 , 0.10449219E+01
  0.25852585E+04 , 0.37007868E+01 , 0.10449219E+01
  0.26108551E+04 , 0.37374282E+01 , 0.10449219E+01
  0.26364517E+04 , 0.37740697E+01 , 0.10449219E+01
  0.26620483E+04 , 0.38107111E+01 , 0.10449219E+01
  0.26876450E+04 , 0.38473526E+01 , 0.10449219E+01
  0.27132416E+04 , 0.38839940E+01 , 0.10449219E+01
  0.27388382E+04 , 0.39206355E+01 , 0.10644531E+01
  0.27644348E+04 , 0.39572769E+01 , 0.10644531E+01
  0.27900314E+04 , 0.39939184E+01 , 0.10644531E+01
  0.28156281E+04 , 0.40305598E+01 , 0.10644531E+01
  0.28412247E+04 , 0.40672013E+01 , 0.10644531E+01
  0.28668213E+04 , 0.41038427E+01 , 0.10644531E+01
  0.28924179E+04 , 0.41404842E+01 , 0.10644531E+01
  0.29180145E+04 , 0.41771256E+01 , 0.10644531E+01
  0.29436111E+04 , 0.42137671E+01 , 0.10644531E+01
  0.29692078E+04 , 0.42504085E+01 , 0.10839844E+01
  0.29948044E+04 , 0.42870500E+01 , 0.10839844E+01
  0.30204010E+04 , 0.43236915E+01 , 0.10839844E+01
  0.30459976E+04 , 0.43603329E+01 , 0.10839844E+01
  0.30715942E+04 , 0.43969744E+01 , 0.10839844E+01
  0.30971909E+04 , 0.44336158E+01 , 0.10839844E+01
  0.31227875E+04 , 0.44702573E+01 , 0.10839844E+01
  0.31483841E+04 , 0.45068987E+01 , 0.10839844E+01
  0.31739807E+04 , 0.45435402E+01 , 0.10839844E+01
  0.31995773E+04 , 0.45801816E+01 , 0.10839844E+01
  0.32251740E+04 , 0.46168231E+01 , 0.10839844E+01
  0.32507706E+04 , 0.46534645E+01 , 0.11035156E+01
  0.32763672E+04 , 0.46901060E+01 , 0.11035156E+01
  0.33019638E+04 , 0.47267474E+01 , 0.11035156E+01
  0.33275604E+04 , 0.47633889E+01 , 0.11035156E+01
  0.33531570E+04 , 0.48000303E+01 , 0.11035156E+01
  0.33787537E+04 , 0.48366718E+01 , 0.11035156E+01
  0.34043503E+04 , 0.48733133E+01 , 0.11035156E+01
  0.34299469E+04 , 0.49099547E+01 , 0.11035156E+01
  0.34555435E+04 , 0.49465962E+01 , 0.11035156E+01
  0.34811401E+04 , 0.49832376E+01 , 0.11035156E+01
 
